
Distance: 227.75
 
Phik:       2.0901
Rhovola:   0.74227
Volvola: 0.0025022
Volass:  0.0026251
Volzss:  0.0012857
Rhoa:      0.93564
Rhoz:      0.98793